XC=53.2789;YC=5.06086;ZC=83.301;XEYE=-325.989;YEYE=-151.936;ZEYE=285.517;
VIEW_WIDTH=457.584991;ASPECT=1.312955;
XBL=-300.002014;YBL=-400.002014;ZBL=19.198000;
XBH=500.002014;YBH=400.002014;ZBH=319.300995;
