XC=24.0529;YC=32.1471;ZC=57.3057;XEYE=-119.361;YEYE=82.3554;ZEYE=160.884;
VIEW_WIDTH=183.893051;ASPECT=1.295803;
XBL=-300.013092;YBL=-400.013092;ZBL=-0.011000;
XBH=500.013092;YBH=400.013092;ZBH=319.310059;
