XC=0;YC=0;ZC=0;XEYE=inf;YEYE=-inf;ZEYE=inf;
VIEW_WIDTH=inf;ASPECT=1.250000;
XBL=1000000015047466219876688855040.000000;YBL=1000000015047466219876688855040.000000;ZBL=1000000015047466219876688855040.000000;
XBH=-1000000015047466219876688855040.000000;YBH=-1000000015047466219876688855040.000000;ZBH=-1000000015047466219876688855040.000000;
